-1.5364593638307023,0.09070891284817843
1.3553071356976463,0.7055277375300653
2.887988174516332,0.1934860469608024
-0.16927066851557782,0.9823870946014127
0.5562755253469911,0.939474146516366
0.9213625934288445,0.614787976668369
1.4816234728077782,0.6716987742420977
0.7425168853325794,0.9233806678445867
1.5150066612251845,0.9514971941292905
1.8769786828324992,0.36425935222759825
1.6114586294370716,0.7682871087769492
-0.6607752140547125,0.4625898810021504
-0.579252154625433,0.31258636454610894
0.996923952700338,0.6967509198813014
-0.7862533258469746,0.9349440114473457
-1.4654364613692081,0.5729851490700317
-0.8289339536885376,0.5561719121149903
-1.6119013487104445,0.2214652410697185
-0.5298405275269198,0.7033681703200172
0.6770587260173646,0.5294482251659764
1.2168904470269561,0.8563318986240936
-1.5873078601532018,0.03278216160520905
0.17357679698961048,0.1342806941369465
-0.8241579017531884,0.6013549295624265
1.2611865186800242,0.761299294590189
1.7598981223957373,0.3618014661595419
2.3585782752685773,0.8226751198568193
2.1488771239630076,0.006337391854735428
-1.4524851752040697,0.09185853315373596
-0.9898163284626662,0.3954363605018889
1.3847246489502991,0.4731318188194741
-0.06640871747584609,0.5126678188196702
-1.5288932876094297,0.08045764786828431
-0.29157303694464365,0.18647182026970208
1.8384093002802189,0.9016445737866178
-1.8620235378491368,0.562391093860142
-1.403924009033131,0.1795148973226059
0.8417924708987496,0.7778632101400423
2.6452773171036164,0.496118899670602
0.5452995057972396,0.48450364966331855
0.7525042204794947,0.7076378620878808
-0.7355269570398517,0.561162643840884
1.9881410785168048,0.8049435101993145
0.8910772170728762,0.5480379212668406
1.828450467066542,0.8897798351849863
-1.5230180812465135,0.8857578446451901
1.731354224582121,0.7753234449024504
-1.0341563217227225,0.6796532378334829
2.46770812471311,0.6637458766250509
2.967762834759651,0.6322045313908414
1.7924150225035351,0.7131087440797242
2.884922574336821,0.7813604546097882
1.967658728176592,0.8472292189654236
1.9799885734378981,0.860411672110103
2.8499051001451896,0.2134422586485214
2.9078647976228664,0.43289806016754534
-0.6741142045943895,0.3420191865942002
-0.8401109697292737,0.5171598109387701
0.5125168154588993,0.22230161466242657
0.36316142610810154,0.5390806170239046
-0.4842788267438931,0.08694639968475515
-0.9258509733115681,0.1440070743257697
-0.25124070186039904,0.2417228204311706
-1.0745146898920952,0.821055499786558
1.8016552571146676,0.4653527918064567
-1.7461856476286948,0.5459316724758418
2.8269919006208717,0.4923138977774276
-0.14087023409145671,0.20762978344224306
-1.1452553136496557,0.06790952191573225
0.06425045426780063,0.037718901466174355
-0.9228029184141817,0.09885604651321717
0.20179714124095316,0.4640905324325247
-1.7068298674781803,0.055413133673668985
-1.2467031520950596,0.7711623750177549
1.3810917192025505,0.4326683550130266
1.544623588729226,0.866267232795636
1.409002502559404,0.552053013401711
0.34413686798886856,0.497964662957242
-1.3198678986353873,0.8353194729282042
-1.1175887369572735,0.5413889991932221
1.3276727382885212,0.19658351614221847
0.6877568620606738,0.538919015999571
-1.7141564878674531,0.33314014740644293
1.9112573443982273,0.8652633842304867
0.24693405863952123,0.11469150411374349
1.6161389840398335,0.4751425286221183
-0.15244941915542798,0.7290446716929654
2.4592276912281976,0.3832412350445631
-0.008214420096161579,0.7803726980480757
1.8356786906955778,0.5658716163071069
1.2417414251523984,0.8918069128586927
2.7013590280398487,0.06172622075054062
1.4522291219760461,0.3678344858304847
-0.2949672492889919,0.28581917549735697
-0.6724088939022423,0.6011099076042197
-1.7465757407686748,0.9172020005038554
0.8593964337734974,0.19297921229022139
2.6725651513076034,0.5148608508934295
0.614130612947899,0.9595044412747554
2.3316511317951,0.8320347375064285
2.70792936554557,0.2894008127339468
0.06685359562876991,0.52101668999431
-0.3828141709845483,0.35216477359996784
-0.13796716769452821,0.9102816272912005
1.0824858172163778,0.10602883022226496
-0.11259114113714674,0.8121136376436392
-1.2817223587802902,0.9730755074403583
1.989741138951811,0.7286036498791646
2.0459074271987214,0.7643231111899434
1.9164184982019496,0.7578770857247624
1.0962898993435513,0.3717327722392742
-0.9340353867300162,0.007836225429224424
0.29152975240629964,0.13802823617673804
1.709837442330747,0.006586851556550505
1.020286842667356,0.9444906048625157
-0.13816482334298863,0.1884605904236994
2.779687075582011,0.15702791980933853
-0.7942413719220514,0.8751368269967384
-1.8074995185130383,0.8978652415704853
0.27511086418534747,0.5580586694382837
-0.8517596337788724,0.16443905650272747
-0.4765723476892392,0.6197943568738253
2.8940371085560823,0.8943845676831794
0.9535340481068046,0.40456061290596707
2.5558368150059145,0.15894113419757924
2.7496872175731735,0.6274424778312293
1.1496042906546027,0.715730021545991
1.9830333782809428,0.7569926637671875
2.2168008525824137,0.9757907202070131
-1.4848640487824447,0.14614307883778
-0.429705546311127,0.059953315616059676
0.24082747927991788,0.1818005783909035
2.962398561004145,0.021420685968520464
2.805850129581758,0.5505618141510394
0.08588869017153389,0.5120661656184744
2.104013232591263,0.7064241823549795
1.917477572414918,0.3523977706867638
0.6531427933273548,0.8457234092886942
-1.572701115515326,0.4995988375751907
0.5744577664624178,0.6316717311674446
-0.687850725956604,0.5309802862025979
0.21538259345397837,0.7681709952536634
2.8915227738597116,0.7247912044658088
2.8636489753360843,0.29219924914131784
2.60136280888742,0.6539570515116111
0.23036800151904968,0.9574518634780667
2.1368365546165293,0.7770117776347346
2.426619018797309,0.575323101674168
2.5215168660789127,0.5446988870503545
0.7206095949736202,0.7674932533076385
-1.1577542153877254,0.6294958671452273
1.9117053410953382,0.8752749286922825
0.7719001486647672,0.5099344367790081
-0.14578533023828277,0.16223807986245561
-0.7184141931704933,0.17066258420182828
-0.287217458729377,0.3969963615608837
-1.7111006552264096,0.4414892899095998
-0.9879191530146143,0.014953653352490649
-0.7850628817923773,0.33368079929286215
0.5065188856546348,0.9184159597100301
-1.0168873447534765,0.20234814509085267
-1.6687118146875217,0.7158661606372143
-0.9957741963142062,0.6638004814795445
-1.3523281477007891,0.1675671154899651
-1.7077817705103588,0.6435452359857332
-1.4607793835310887,0.4040941082176443
1.5099807015287965,0.34188577872280707
-1.6578888797074978,0.734022999707002
-1.1071980033719468,0.5370528081486711
2.120902452404559,0.13015033303561477
1.452498317249681,0.8024676258102083
0.27041461636778585,0.6336538528886774
2.335314751601013,0.635828637331797
-0.1272656312818965,0.05043559702903493
0.055535263250832134,0.7605911416164572
0.65992243546127,0.14341471753465412
-0.5868385946330827,0.6030931143135443
0.05869511326087817,0.33003021593408094
2.4088036650596303,0.2170972975183514
0.16995995985327994,0.811823553065729
-1.4865871615392459,0.14055968973379945
2.6786961335247597,0.629660271925999
1.5917016848183363,0.6338949233077165
1.9920370945129005,0.19350577487329743
0.9823427249310019,0.0034122643017008756
0.23696760189973887,0.09829169716415316
1.0903363458597255,0.8877175457192488
2.179697346408121,0.8396593815142913
-0.3377797517966201,0.9330403682908889
-1.1420281768326683,0.39966965460419424
-0.3357277930574518,0.4983507251460321
1.926614586552454,0.022037133291181607
0.3039699749842293,0.24329174221814842
0.602932741986093,0.9051007808933622
-1.0413976478363698,0.3049098534421448
-1.7353636193237927,0.8518273776217179
0.9616219818649037,0.4410888417085489
1.1616450046141447,0.24035462212022893
-1.7316074305906415,0.8652682854612126
1.9559288131726107,0.4666623961264499
1.5408242110008032,0.9691551539652964
-0.1867031718660781,0.2857148019047333
0.7014140848433859,0.7386326394651318
-1.7017822639703204,0.1794862663823581
-1.1939445166133589,0.6032242398265418
0.9725769083730031,0.854849666438473
-0.4700548836245726,0.3551029215836504
-0.7217237275777482,0.7430763962299354
-1.5181455966313266,0.026842739785615785
0.20887696061826588,0.03650230365253736
1.5642116277106406,0.46617905898171585
-0.964162291299814,0.7847349269008113
-1.7662403798460173,0.6854898906132517
1.5831414771878976,0.0753732542032686
2.652887206326004,0.22035200015811246
0.5951898998664729,0.2997562064010536
-0.6119378522560643,0.6879587803604222
-1.2316189797718158,0.20600645185910152
1.1736275634574596,0.2472304269866981
2.951979496853406,0.20081176601216622
-0.39285609857706527,0.26764662951671736
0.8497879987182455,0.5135562129113916
0.29305382089382404,0.3491338991896253
-1.1211472051187945,0.7850446898165038
-0.07058483860356435,0.5099348693422222
0.4133279446322935,0.9672873130453231
2.3774721490719903,0.23723430793411202
1.1905603550050636,0.4012584521350993
-0.2746396397847517,0.07329594696367085
2.8202631659603856,0.841522013216627
-0.951052905601169,0.9223892861943075
-0.4724829030646789,0.3577199855315738
-0.4941441792007246,0.6206852924162696
0.5553357206340053,0.2991707583965722
2.010215041194205,0.6513256160882226
-1.6495570906370858,0.8916437144672513
-1.0568524890269466,0.07602728106262135
-1.5198080800418832,0.9121567125584926
0.42646703403371555,0.5163103322933563
0.30523555902378385,0.19857866022903492
-0.140582751959051,0.09176010649837008
1.1970193124790427,0.6474901902901216
-0.5541409178543821,0.8082343777476154
1.8829952550366027,0.5388619779849304
1.8875127260075373,0.9654063245747576
2.7792550877736666,0.9368895612630531
1.2056617910827487,0.8411027498731274
1.1013707134296316,0.5910462306924464
-1.625747834505706,0.799129455759172
1.8212226468738084,0.4746908830880903
0.5717189989939131,0.6152542745767006
-1.8149702063122082,0.41761708742207665
-0.24253915892438171,0.07891654864383023
1.5404981949155325,0.6712867126655253
-1.7943117511171807,0.9371028823465622
0.6640603599948385,0.3920971820722932
-1.7085048470844038,0.9351952900575684
-1.3241707247158399,0.4607492738132561
1.0410732346564826,0.023137183577789256
-1.1013203622026952,0.7748798690732567
0.19352599745039134,0.7917162348950093
0.8032908716938398,0.9897517875760129
0.19737859300865113,0.6209673874685747
1.9127535139888971,0.22480418782080608
2.191402941349513,0.7093905333132944
-1.662515588678517,0.16191104923490315
1.7216387291512856,0.4950115482637794
1.9292774917898807,0.46014970238110486
2.696103002546322,0.11264559468720593
-1.8649184569720088,0.278099869357953
1.2520909326954546,0.34839643030133594
-0.8860155589605601,0.1443662158264166
1.9203358000929693,0.8726086023385936
-1.6832922817741474,0.34033741256658434
0.9494991436921154,0.8714821399784266
-1.4620236635465602,0.047284459464595016
2.3384117959818473,0.6730712608364113
2.669834276377718,0.8162098267470665
0.5926851580749184,0.49246787504380374
-0.32067310405316296,0.24515171711353717
2.7482508310994724,0.08561665718565092
0.5381397577440965,0.034154923409697474
-0.581141834443492,0.7314278372881865
-0.07065523355665926,0.3958909307778805
0.5259459790457228,0.41773226751375137
1.4836311754954181,0.984248050980967
-1.5774970347105612,0.22235735965337405
0.45987517473798567,0.060981989227992646
-0.1758536904865282,0.2393497236419505
1.9238494579363477,0.12867488002967942
0.14368368362822315,0.03495101461932495
2.3623572819817227,0.7893011667946124
-0.019096786494340767,0.5121610876465715
-1.0810369079858364,0.7959263771279762
2.071282016655708,0.06868841089462117
-1.2692311319707776,0.012322091542237349
-0.5715693077757764,0.37003158843521633
2.666930170480076,0.8900239795735903
1.2661439998994126,0.23005729539003408
0.3284931785742127,0.7494345811316773
0.3332918268627858,0.14781190368552913
-0.5147008975845133,0.5361474706003775
0.24752749632911764,0.8486855138471171
0.9081424191316492,0.02962137876882727
2.6503987550687054,0.9883703178412149
1.8622391747395817,0.5204629166594748
-0.569132691607829,0.942186962688798
-1.9402901015512828,0.0005154982452392432
0.2030780851388463,0.6190135271847053
1.874215596368043,0.6045221066727807
-1.7393798475106572,0.7819103349958559
-0.10363631511342875,0.5936390240972178
1.3474503235591646,0.46657031863877385
-0.7443113903962191,0.9308801532090764
1.3688756618410611,0.6439825633459103
-1.8680354866367888,0.8807967238631267
2.796651681951075,0.36525383673246076
0.13530452793794412,0.4580039386708572
1.2952695329824193,0.46757974123397766
2.2212082002631197,0.43260580739793203
1.9331026581077295,0.5264674235466467
-1.1741471813565338,0.5656142700581751
-0.192369201786176,0.9753112375435814
-1.0084366783363505,0.04470496941449748
-0.7260874009297815,0.5102848424266156
0.1612177239708057,0.3450532190232422
2.615544732455576,0.6324315399439162
-0.14174589680147487,0.11690704549794531
1.9650866009372554,0.5172675249415596
-0.522768775868635,0.9041333774024282
-1.5828996828676571,0.9891550278508915
1.1027224565848344,0.5692666460638782
-0.03080967886475916,0.9636206222274478
0.6625668044099897,0.9091678392409462
0.2225553251421757,0.8669439723110633
0.8015267556752939,0.0704980166752704
2.2832604380969928,0.5898271427331832
0.40276503694468824,0.03629311069815749
-0.9821649436924356,0.3885490073646205
2.934946206014324,0.7293616129622427
0.017015437248454113,0.1438684026220514
1.798056011081346,0.2047531907085379
-0.6982322020538874,0.864388594428679
-0.9086046057885764,0.8447558410789937
-1.224936779532074,0.18272969939628889
-1.9751446755461635,0.4392341440287108
1.382679353843185,0.41640700223395255
-0.4338348111149992,0.009511578825191306
1.8036798525540938,0.5320680047722582
-0.9571399597581165,0.6851993328528421
-0.6327149988332494,0.7159734330453751
0.16733911079027974,0.12568444579627006
0.8220827232602503,0.8999198689651945
1.422445857353201,0.6122998295642761
0.6686388423390159,0.18293881786667915
-0.45867112402460664,0.038534446346951676
0.2673892111659266,0.7354803904574174
0.7405781776061295,0.047799733826705604
1.2650718780152719,0.9881793131338911
-0.6677313033196364,0.13189333457588853
1.3656874479937753,0.7379856874773806
-0.23132310239883913,0.6710632422442476
0.10048004390792631,0.960065071810121
-0.26627487352016876,0.43043422361704875
2.365819854300084,0.30329707892581265
-0.19684224671234785,0.043027459703127775
1.8777586668526993,0.3890214461327671
2.46129925622364,0.08570638707252591
0.9534128335526031,0.4055880832776324
1.6007920958895885,0.12974375432271987
2.006507809644127,0.8171172082074286
2.1440523109152263,0.784490272459335
2.1020056530053495,0.26722608611447
1.812642840844176,0.377562756179727
1.262613504580182,0.3420595886186231
-0.7665341592414949,0.24429732767859602
1.5074924715094409,0.7550228475151595
-0.4179155664378904,0.4218494335431767
2.16875360674982,0.09170219869412546
0.8610658585237831,0.370442003257422
-1.4677397700541643,0.029817619159194626
0.35449359011024306,0.5248590744181341
-0.9482439754927643,0.1155130073857152
1.6843085641620097,0.6352978590748378
1.1619716276248053,0.21979697894147043
-1.285492821501248,0.6482567739387531
0.5945071318469881,0.013814058767109649
0.406962874070977,0.36627180463068393
-0.6315893557693866,0.5885648991564725
2.4575779881462285,0.5062359997541077
2.50523168770302,0.26189990726172385
1.4291264576836964,0.14914879970022743
0.5992359273393708,0.682416577854599
0.5595784968478412,0.7831738712926317
0.48006130393926005,0.3397052595548944
-0.7253031594129582,0.49142584825722485
2.791554791942703,0.7914751814967628
2.7276817973437693,0.06315037638592966
0.28891555074553255,0.4084383348647121
1.1500581368416585,0.33953355617940617
-1.994029839496533,0.949395396963884
0.08902789957957591,0.8079571877438463
-0.38527069876400155,0.18422070749387143
2.7282250926880423,0.6115105385903754
2.070528203805127,0.09867679875061285
1.705674610041238,0.7495661898735947
2.5991269943292004,0.12382425209842003
1.2360839219200814,0.20510085617208557
0.12851934814038968,0.6948240844202105
0.4777521508774023,0.33234952360801717
2.11225877542884,0.687803803953074
-1.2280899776741654,0.8753715701728034
0.943355338630389,0.027565410364608224
0.41900195584795075,0.8365194828896416
1.1901301683218364,0.8161975977994967
2.3514678235910065,0.8084678221693435
-1.3525107300533552,0.09060150160804244
0.47975131480892497,0.2421630373851569
2.5287748019913234,0.3620203036442399
-0.09244023150146097,0.8500464596802019
1.5931781916879806,0.8436115390003022
-0.7355116605694054,0.3064491604915255
2.274676613923819,0.12348726495827557
-1.2962118955317592,0.007389587258896078
-1.1456385542962395,0.7639244204455689
0.579944335526398,0.0030567038974112547
0.597973286176614,0.6022319811379256
0.0016915980486644777,0.6479111492868884
-0.536038184389318,0.6438294402862775
-1.4040914637830904,0.37541350998842554
2.2459949134482002,0.9754253532267009
0.7646277768877763,0.19781910945348988
-1.8430342947406273,0.6269749868394175
-1.6976305294581033,0.7168504594073548
0.3380966678023736,0.0044577277655295225
0.40505572094410613,0.24687665556569974
-1.570004676888154,0.9039396274414109
-0.02220839978759903,0.38675219927814436
1.7944162256879568,0.827105744936994
-1.9674371621751765,0.355308347962178
1.2165214259234616,0.945004806262893
-1.4158924067055099,0.9452041221902676
0.01877475182837962,0.8035767418702412
1.6176713273554468,0.19111531741206983
0.44174699586220756,0.826060643411185
-0.1754035779749672,0.27508559167942126
1.6064486061285423,0.8132972071598364
-0.4943347708194379,0.28318656480463306
0.8921245506721069,0.030475368945914027
-1.9009014770014183,0.733045087407232
-1.1047207971693087,0.04030889126979826
2.420831698488705,0.1776444743276911
0.5062213945897254,0.35616929771955524
1.0075307471927726,0.9848239124257591
-1.8354510993018445,0.038626916925661406
0.851190432801948,0.13615364163092716
1.5123273760607567,0.20569890252368495
1.7898068319846252,0.7421451909340486
2.6646090511815723,0.3261378002408426
0.4317331173439358,0.014115059219727716
2.398401841491239,0.019846659808113603
-1.9274674896347181,0.6020121246884548
2.4932047572914486,0.7344590118090135
-1.8770345260778072,0.805489708466769
1.3245728549738796,0.3973323075951395
0.2124652575552446,0.059557404498152326
0.7920943914130181,0.7305458833146903
1.7138257374749006,0.9645636552588667
-0.8991269873094425,0.46986794195663556
-1.9235466241907613,0.8734950773261947
2.2847900051075722,0.617902055450283
1.4277242695968173,0.8104023200656139
2.6716740083106316,0.14066311239571735
0.9527948611437895,0.5523419133223415
0.7380770894481383,0.10040455718962438
-1.9488386273085612,0.5202947992829227
-1.7503620090269911,0.9364591940572312
-0.38759462086409546,0.8629006635384513
2.6058889459659866,0.46672554257934906
-1.6102758823302605,0.6771567401443689
0.0036153467259225636,0.8912988591831313
1.0301855865102114,0.15335521431569352
-0.08961202431599369,0.30270091857729026
1.7824787503325927,0.7357117524790671
-0.5990117620899189,0.6643162317811636
1.269475688264941,0.922167111379991
1.378347001020221,0.14096269099563496
1.3805277375669882,0.8206295190274895
2.950357576654552,0.9583150841192352
-1.9635343383032275,0.9517862052382586
2.399538642479028,0.3195854272041729
-0.7425909653254994,0.18265346789966216
-1.0836958836512605,0.942345471108692
2.533827930355697,0.5253748825364553
0.28167538889021726,0.22211607241511291
-1.3521344148019003,0.4326445306846473
-1.3306138796645703,0.5470771925578707
-1.468387707576483,0.9788303046789313
2.2127553973141714,0.9791152376072012
0.676358346717306,0.56363700968025
2.8621279801722723,0.35736844350808217
0.41729469500818617,0.8748924917734817
-1.5806935777070008,0.7217012365285255
2.0544897507651507,0.8944652715356199
2.0588838345239413,0.9532785348244478
0.5320047762453441,0.2742716004398002
2.8167652769044045,0.31939350079330714
0.5253561841563212,0.9739021641715054
-0.35056634493614114,0.5079544853643443
2.9703254162544903,0.6739985571248008
-1.2690921153738732,0.07549160193226988
-0.6794570590689357,0.29877747888630585
2.2051394019084896,0.8984092968759654
-0.9900092364256776,0.4014022774703879
2.856604869537006,0.30602617702424345
-1.810203159465176,0.7305030952056638
1.6675327952815344,0.276540624914806
1.875700452930031,0.6531938791997952
-0.5260677339515916,0.8536086575790713
-0.3428180175143203,0.7100707723598673
-1.4516431923132993,0.4721323902815047
1.335731732328342,0.15101521453237784
-0.9863427298879963,0.30380548261026147
-0.1393210441094177,0.6591467907100457
2.5321142686198588,0.4251077744339385
0.5521759655746772,0.7081269459558743
1.4772168107625578,0.597429060585737
2.4739863774274324,0.2762697753756847
-0.29140740602377857,0.39241145475817185
-0.1061464058422592,0.5898630610352669
1.2235669487843275,0.09621749324216475
1.9856904090937206,0.4848555098270386
-0.014650249041645358,0.34249308066457484
2.102028464399787,0.582973878172858
2.178800362253348,0.9415577900779214
-1.9895437745030413,0.924947890329627
1.1878439859197538,0.6828013424088324
0.3613264369594793,0.30352719999412436
1.7859186839173207,0.9029755334695911
2.967873541958374,0.9261573327381151
-0.8094934086835068,0.44500765745070053
-1.6034321572822607,0.754337463882968
-1.2281736963716758,0.7194416649415979
1.7835869289864466,0.8435677040872439
0.6513906502682798,0.6644908615207319
2.9336752276034437,0.23470891109780015
0.11091334243466111,0.786155229135205
1.6281417000172689,0.5133612591559205
1.2697615139371554,0.9449199684149282
1.6065779807922627,0.40248997919986623
2.0017432518838696,0.3587384404169098
0.5623388446867339,0.04784342759983703
-1.5881167973023451,0.6225526618106565
1.0070775611129044,0.3333296603251462
0.017719261857393587,0.6753653900953014
-1.6636673130663195,0.24055240139105552
0.9825448683194034,0.07297237169482713
-1.7315008773133649,0.7196211295103938
1.4501030649981348,0.9722915466359059
-0.5412573112568733,0.7333283399921233
2.087951838568075,0.6219424077619607
-1.9156845645938771,0.9279461074754428
2.443778365411009,0.21808415018946564
1.5051813326551136,0.7637687718968372
2.685081584115588,0.3832424348681527
-1.4804590694810527,0.14970869855436383
0.6657859300798421,0.5895457889041729
1.3483018728265672,0.9282998868477631
0.30884951997615806,0.8217936482823119
-0.35790240399798634,0.6295349806241485
-0.278114423237408,0.11886453329273883
1.908433375172034,0.5124716275412785
-0.17838573181122563,0.6521334248081622
1.5348379883570615,0.021503119877806533
1.76399508631091,0.24779173030332902
2.489837899614881,0.8619576963694885
-0.07626073313548742,0.18749714756905167
0.7893089900223615,0.12722001723361454
1.4421844917763358,0.6312414587713723
0.10089815053857532,0.3048069334478292
0.14504799344422326,0.3669413587120039
2.507848398246491,0.1909179320494688
1.1876055164811228,0.7637068008383788
1.0562872876500937,0.7442426761747593
-1.6419923387566584,0.37049598549691787
-0.9273675398966068,0.2646594389890262
0.9874332358432327,0.8267278071698964
-0.5881389076453669,0.8396971793406854
0.7947425000259769,0.6556354463496872
2.7740671052438763,0.05354721209341232
-0.501819151470758,0.8651457570112494
2.5586420326855075,0.36831117706829775
1.5041509695000288,0.4175090644207304
2.766817080202899,0.5055793536679012
1.1098538038477619,0.9725849564153676
2.8161092277384263,0.8143803617440419
0.47768408276234986,0.5695906703907351
-1.077529082715818,0.6627526798438702
0.4214754592896135,0.08775355218570598
1.046458206506124,0.2286647117373668
2.89415969738124,0.989624737286561
2.0687819695916154,0.6857919883877318
-1.4416678470220536,0.1948966216589141
1.7138389218446264,0.6744718481712136
-1.6663568837513183,0.16546965520637594
-1.8974366758893912,0.3751343981841258
0.9953680612765319,0.6047396177652659
1.2810768028158424,0.5618926363025385
0.45635469955535424,0.9303490790902345
1.6421400170465912,0.6196202850961746
2.8707383886509605,0.9214579713695507
-1.0529945434619488,0.8613068097908668
0.1609856077944296,0.9701384527599378
0.1526634146935657,0.8630791026200291
0.7408107223357776,0.6838607556975675
2.3264329921637428,0.22390340079576876
0.9130600218945344,0.7107304626127275
0.3919970915356825,0.6137452685316757
2.8735320892621283,0.375345077960976
-0.13315432493710788,0.6898629012163185
1.6473917133456832,0.5328202146415804
2.3156200872073214,0.49443612470357573
0.26266566795671453,0.4611948987125483
1.3536818256670249,0.5023776855523322
0.6701518238257327,0.6281644097146777
0.9143100668859825,0.2495337260542141
0.6511455247598894,0.7493971057989884
0.678364380467456,0.041376006968865696
-0.704216997852245,0.483673629046268
1.538942954227871,0.9608751571126736
0.6710759563282882,0.70661995944673
2.6362594108914346,0.768114960518141
-0.7915983540378442,0.7912342871405381
2.270144851591356,0.7356941542727059
1.1554714641295245,0.8503294301073225
-0.5271925539091407,0.43542954870630723
0.01736373132403779,0.5744329357715408
-1.9099057631439091,0.5234755256787562
0.49997387729737497,0.40912599212698225
1.6721208186136294,0.21151808657671067
-1.4019711756159876,0.745248268764492
-1.009434631002191,0.7769013554794342
1.5557610446667387,0.6753556207938445
1.68719461609947,0.573051365332627
-0.6204571159608485,0.27640633403554016
2.9383222603125017,0.4057028379695966
1.6044159974823198,0.7529976933511546
2.649547579087974,0.7169757467801794
-0.21002335506803393,0.011922961515125894
2.1085267913470327,0.7142399212597855
-0.7418592444447154,0.31923501349349676
-0.24880110485917117,0.33713313564275743
2.304104876451415,0.8557000189991326
-1.4451063284576295,0.8546388678849054
2.5375066992043784,0.4883111256856618
-1.2435142914763015,0.17407880825229807
2.3902001074856454,0.7944080380492134
1.2719041279321077,0.9710388123548522
-0.08456943334391709,0.7073191432699775
-1.5452164392000627,0.13242296396135722
1.5499110427254248,0.28373717988151104
1.109807810159836,0.6518910584578315
-1.8516126464513734,0.6161369602019999
0.7916709472284489,0.4462256085721495
-1.8377658270573336,0.7123370513430888
0.11286110012995909,0.634220015875785
-1.3926580279909464,0.3512181509167721
0.15931020589694578,0.8632726862760179
0.7956511436602245,0.33463126055322523
-1.152336334153695,0.7693497744919254
2.0560518545415407,0.7740871857619771
-1.0973288430319867,0.7553021010318358
1.0656089849019592,0.6757848912483719
1.9432128524041996,0.09833143495073417
-1.0195593791007123,0.5338420261463137
2.689897107817404,0.027951112872259258
-0.7660519539378765,0.1295611156401434
-1.8768944133417764,0.5908578506246381
1.282007648320767,0.11037912470262876
2.4324167766393305,0.20237776997356455
-1.8197478040721826,0.20681927627840802
2.9121027109412294,0.7568594582257695
2.6683417049165445,0.45265574674577436
-0.456765654607189,0.4508899268207436
0.06913067540449758,0.7252847015241419
0.5667033333641776,0.3541639696290707
-0.40535831367994835,0.5397618379453385
1.4843689653140597,0.41847484480903746
-1.5110775231234865,0.035100265043902096
0.8002752383505345,0.3279068945018384
-1.6626255238785639,0.7953689575887344
1.3702154672468243,0.6682682870918827
1.7586528165843243,0.024915402031647507
1.96274569580822,0.6026762487631709
1.072267808566087,0.9028470802140216
0.16901923991067447,0.4524618828819655
-0.31411801571709663,0.16598667528645397
-1.4997507999333002,0.6511375045379966
1.074560093655386,0.48741923847360075
-1.237984961143912,0.0164401917868135
1.8948078370367951,0.9195745822821978
1.4250591280724962,0.026627373646562588
1.3201904690097161,0.28232315873329633
1.6306931144065024,0.832323176772928
-0.7090470080271802,0.9676932573077786
2.1489784008186117,0.8139455938276046
0.004810254646195666,0.4948081245319578
-1.3721841440014848,0.7589190609239365
-1.9651200127102788,0.8348761495911672
1.3761845892824858,0.4982879706652751
1.8098778333867998,0.616744589366649
-1.044874548524831,0.41900091282392105
-1.4190017297018278,0.12459335075424066
1.2935269071234634,0.6660357908696579
-0.23999882179595278,0.5932009286288095
1.5132764860076504,0.018064128441565557
1.8427287027055508,0.567151028183042
0.1859116668456755,0.8849046918632666
2.6023822958727223,0.9834522860023709
2.0868521505398867,0.7613366291122591
-1.5467436052489316,0.5306285909956178
2.235072353418725,0.7410984024653865
-1.6615053393736554,0.22448270460104097
2.691488949493116,0.1255976498165541
-1.4402177305950319,0.05911473029215935
0.8815496804193161,0.13565432325889676
-0.9641075862627526,0.59458287107306
-0.014200507511771043,0.7024813179340699
2.4763349438386557,0.3479304034908604
-1.7643369551047825,0.06344809554958299
0.9447346838168529,0.5492008462057802
-0.042296764175273394,0.2059537974021291
0.8944250239582878,0.34458325302804355
0.8508413272682831,0.49521912514076166
0.35725305117255024,0.004201238139285564
-1.0582918673138,0.6805333080498897
1.4588048832539555,0.8260954452660956
1.458493892878844,0.5871138327097232
-1.605968264586425,0.4504305766865515
2.724453145756618,0.11527402919458292
1.4127187149825247,0.14586924811295313
1.8702421999530787,0.23996071857498602
0.8201592765091048,0.24261778013906796
1.838451082761888,0.6758703696934211
0.8459373772365786,0.6401733488822304
-0.30181281229622914,0.6585186117085834
-1.0934950634382097,0.3892084671656031
2.4985009767722506,0.8816026732293349
1.2588140680655862,0.2764239173529828
0.14106333044642083,0.8035207894185399
-0.4118704737208563,0.028540737079940502
0.32420107513996044,0.47818052617632123
1.1859210461320937,0.8557242848274993
0.5438638784350425,0.942942491068471
-0.923042869619358,0.025930703761573786
2.2424347944029988,0.6110686239336518
2.125413164647508,0.9541107486619674
2.303253017946022,0.9002613727735234
0.47339462352362416,0.5830703875557804
-1.0796267853727035,0.14240279422829416
-0.09227419976141471,0.42901601357252156
2.952671648228659,0.4102233680680129
-1.520276484791357,0.5153330383005361
-1.8444400945937651,0.15649595305123368
-1.4408736550910581,0.48106195955005393
2.366800323374764,0.4239817087759496
-0.6534308643492466,0.5673158056570425
-1.8147406248246982,0.15996764338774996
-0.4430612582227962,0.36188255912656003
-0.6794217847160744,0.372115695075846
1.5322107302549846,0.5022386166538756
-0.29043167533196357,0.6478994499408709
-0.8216521536129737,0.023313762948444512
2.3767560057180637,0.9599077388838431
-0.6802112220345649,0.8618882925606143
2.5509824836990243,0.567363873692152
-0.9621986832958493,0.6562939635811657
1.3135084509974209,0.5934429279805238
-1.2663627764048027,0.8675303325792205
0.6824480092563427,0.24123128482331505
1.2678078704911755,0.9272835129714987
-1.2012520458966798,0.13799053034629322
-0.7798593493035539,0.4090885912725312
2.3064562586721253,0.7500750369262021
1.0320999715202297,0.7876695671694894
-1.95055169762531,0.37561774093765016
2.857878568210599,0.6402542040749091
-0.2847377876109236,0.018984699805149035
-1.9332438348794594,0.9200237872090885
-0.526383629030885,0.362850180797952
-1.777980747751584,0.6594999847206653
0.9972272514381841,0.8222186168985194
-0.27418280437353193,0.05864485718891589
-0.11976445012397119,0.8482356905701532
2.7391915578555457,0.6115294024354151
2.2690843162137417,0.6593258964151358
1.4431514459459338,0.15537884446554212
-0.44107996944648686,0.46570676294562235
0.22012646350330511,0.11597814534828577
1.608100999447823,0.38533357118387473
0.4787125724394934,0.349197883696497
-1.3049777135391367,0.7494574734158024
1.0411680410795543,0.8466793213769078
-0.7164511690016608,0.862287740336281
2.1387700282530284,0.1626033225087094
2.5076090724431452,0.18161733822953025
1.7940876191526245,0.9395526591403609
-0.2851966630047784,0.07407657111398641
-0.9293681153660887,0.7916317770620362
0.376182443887489,0.005474517477845434
-1.7866475371728507,0.8285714928803626
1.5408118225978367,0.00985227836953011
-0.3085493794141081,0.13723952941448977
0.17396471718223738,0.10047358795940921
-0.09484011677623094,0.2361262134613764
0.7898833581130118,0.41679163221913773
0.7204782070295601,0.45569852206770495
-0.792752847589081,0.18460276597971625
-0.5586455646573427,0.5604083340755761
-0.4412324638099556,0.3710720727253217
-1.7666053116712863,0.40267219393731873
1.8569204313468841,0.6730281604878692
0.89693970913138,0.5459201395307345
0.37364597739991057,0.010935842844444751
0.6848777754147259,0.23037416208212985
2.3289020126578936,0.9458627132523172
2.939686137844312,0.009465322242541867
1.6265337072975532,0.2907041938042833
-0.8568411575137249,0.4143274073637631
1.7801502520305847,0.28403334970006716
0.03421659147468681,0.7027220878270262
1.8813485397356673,0.5005333839793833
-0.5654279863906817,0.28355130874382967
1.8949209568223195,0.8124655439142277
2.9134378976555357,0.766187594082425
1.5214430872597355,0.0420588887932108
2.3248761611357187,0.6430925247064715
-0.9537719924358565,0.05987435569133962
1.2999871968484538,0.38020364519949656
0.7850700178906438,0.9336424119020613
2.0309790800818996,0.1821301154968817
2.175954802603364,0.8626386051565826
2.0997610962814157,0.5796125099113617
-0.11333814829628741,0.4681288114387191
0.2976396035739257,0.2948068600880935
1.002598398200936,0.31813811922204727
-1.8296176649034517,0.9571837174596857
-0.22930378681179064,0.4496311517885794
-0.26160013087583556,0.35635529523021153
-0.3390199635628932,0.3390417275837668
1.8671482422818184,0.8992225253847326
2.3179485951429966,0.605413583485676
-0.4409964983812731,0.29503698496481284
-0.3152510462796514,0.8107649867363673
-0.5495025879326951,0.003653929396156935
2.338072418657534,0.7976632302544906
2.7070689733090054,0.12978290024810946
0.13701077565219366,0.4308846671450157
-1.127976673896956,0.1396287223371056
0.3116891847256511,0.028332868384595308
2.4880364145789065,0.13213055700892815
-1.470232158412026,0.5418363298519276
-0.04077643985452917,0.34260752466967154
0.9699813637018657,0.4285337104841102
-1.635700249037509,0.7238563918988958
-0.03320269142466303,0.7110048987445378
-0.02472941911295856,0.8147156301326647
-0.9167758826261929,0.3398020971291434
-1.2422622810693413,0.17628036793487892
2.6845448863146615,0.7057956065438722
-0.879952770086718,0.6811154182480375
1.1205625583746288,0.95613410290945
2.7120915924720093,0.6088250244256784
-1.8827217507105245,0.16427620752604097
-1.100457413169826,0.7880851418076716
1.713057747206495,0.5865134633976454
-1.2975742544108977,0.06711213617594833
-1.0231302138089382,0.4434971529680782
-1.8028748385510633,0.33746970792835185
2.2378475727035925,0.8618597540782659
2.2199022287226304,0.5304345969510026
-0.8759256386135577,0.8083411376390677
0.6099204555828424,0.9893236267199081
-0.45058965128409656,0.04067633592998836
-1.581192686096013,0.32371223595115367
2.0333127029769935,0.6693951977502658
-1.2053237892127293,0.4161931368403638
-1.5168065998673885,0.17142473132746894
2.8755268628332624,0.46039456250708
-0.8942096325889111,0.8156458595276811
2.821215213771013,0.9386117367607076
1.2514532629345432,0.26252069442692344
1.9490980154948176,0.335709763238464
1.0949950605495649,0.5187057839325543
1.6774309377401004,0.14644535824330526
-0.33163114883960754,0.5282407060500821
-1.5028610822088615,0.36426338264351155
-0.13121640409594093,0.058926840657254974
-0.792792606383689,0.5885410987822572
-0.5216821085121057,0.2425155428540401
-1.6290156080992049,0.13972081902047015
1.1159863992543673,0.7806130132262938
2.1156473616342444,0.6564070844762144
-1.4291557203898009,0.03232958569318116
2.8674636557368514,0.008959332299151334
1.2435968056843252,0.5841118807492771
-0.24550422535551264,0.013019258405649697
-1.0168545180729534,0.15190726527541926
-0.9617255442064114,0.3378070202209846
1.2166783116016644,0.16964134823153937
2.3907933142845232,0.5850508457901138
-0.8334698987093057,0.8701087992661456
0.27968820450093945,0.7682090527173201
0.25857705277619214,0.08844805225248155
2.534342937220848,0.8516789986398664
0.14047118421465088,0.863623643926935
-1.6185072217120762,0.31109680694644354
1.7083001030951772,0.5919350998798796
-0.769484921583675,0.36966173254337187
1.5817381642761168,0.3117108801508161
2.0362115694338083,0.1725450056105376
0.22921426426538183,0.9411647636201858
-1.5920035585234453,0.5749990184899294
-0.19389504739504915,0.3669514423992132
0.9539739919997623,0.5522817866439308
2.0466720334209167,0.12236501058758738
-0.11732384939669038,0.5503182386312527
-0.6807162777336235,0.9457421847235125
-0.6227822660309132,0.9619201961097646
0.23136993032010666,0.7320944325333554
0.8964599689563442,0.33719602251481356
2.059991750257552,0.4529245940606036
1.3258284752864284,0.6142143063956043
1.9913026017154531,0.8916894345173451
1.5929717807356005,0.27058961030691414
-0.8811055831356445,0.23534121530341778
1.3137039978398986,0.8388367592157654
2.2488139156907927,0.16836341465964882
-0.2973201787578874,0.3949211660092798
-1.8220082306159195,0.30904282404370087
1.4655396309719646,0.03468121842194487
-0.2502446652999799,0.12787018847330323
2.206563020376964,0.2961011253061798
-1.1788815670511081,0.6681067228673617
-1.0156842522277043,0.5504170405682911
0.5115694338790653,0.9839163637076747
-1.9658976560396402,0.13880112437331116
0.23504166850163788,0.27291889486313176
2.6860999943484147,0.8697563011835082
2.470610842369296,0.5114987844461018
1.6530222797611165,0.7895020553867532
1.4071601227945258,0.10926102898368173
2.748112164467292,0.5102228879333809
1.985203625287439,0.3098432862570855
0.15783205610151674,0.30375027622843437
-0.20900915618192184,0.46026680656276747
0.5342705024880354,0.04234318004517257
0.6051390306966624,0.6631320340932776
2.412163036806075,0.20200926658375964
2.297221620425548,0.6355631021783105
1.3330324485229355,0.9716422355325965
-0.07739822025547838,0.05246209203246666
0.316951379082552,0.47656536445013964
0.83156743576955,0.29813927415726504
1.1435491811589342,0.7697830433606921
0.9748011311348219,0.553082515992389
-1.4560138026888307,0.6573973791719437
-0.15656370477940418,0.6301127694494544
1.0085867681437541,0.8732163592166268
2.313352524750737,0.6415860530204471
1.8727484803282666,0.36774616701972557
-0.4809166052929701,0.5692184123677189
0.09697145655837458,0.6102220590765914
2.4527919575434485,0.8347791975585741
2.690935858057812,0.8980971862286747
-1.6483989902824512,0.3904909479114872
2.6926004605752256,0.6952945569275274
0.43455420250287924,0.966429564679146
-1.5131356055840404,0.03908648978401807
0.2873852683426774,0.06430701678376001
-0.6837518914052829,0.35631040965477623
2.516681130413307,0.8016241464726005
1.7401763210834829,0.41774603188551007
0.12237009706920832,0.16851890427138141
1.0861788320554773,0.17144733661193148
0.38884855850028544,0.9364485368485829
-0.1849820215869813,0.20812276689172493
2.9359072380476805,0.41882921850026483
0.7393793151620573,0.5983284967597734
2.033366511233613,0.0688262004580601
0.9620801760986359,0.10192924220610297
-1.1121499106931982,0.9271701168480254
-1.734828219417307,0.602875698070672
-1.7238146518335506,0.3099525003661629
-0.03730784346055627,0.8581857521717212
1.1754034971028084,0.5358078283338634
-0.35667774062183355,0.09119516173944404
0.13771843628897207,0.473118469321087
0.33998763109764685,0.9819346984546754
1.648305654810076,0.43470534219485385
